row_number
19742
3377
15874
15679
11425
16068
10792
11086
17048
17714
17909
15895
7268
5002
18582
15862
2979
1411
6542
1135
2445
9811
18617
8584
15061
10391
17320
4827
9231
7220
6378
3411
10305
10865
13727
3804
19014
7051
17817
2035
6209
5505
3253
19618
10122
17317
10132
3319
19832
4775
11994
11768
10075
15463
14711
18206
14271
481
3263
7410
13661
12955
19155
12315
11299
3854
16547
5376
13067
13521
8924
9238
7944
6669
19878
14378
4302
8777
18959
19771
16667
10164
3246
13947
16436
5681
12546
12837
4636
12628
19563
7359
15847
10024
13617
1287
16615
15615
7003
10027
12611
14568
799
7316
7251
11829
16822
15616
6454
11798
12325
17710
4770
2953
18670
18600
15772
2198
14419
11021
15344
15822
12203
13934
15235
11506
4028
19750
16406
15721
305
9317
8897
18259
16999
157
1880
561
4551
17752
15653
19512
4004
5662
9081
18983
5076
8867
18511
1578
4594
15912
449
5866
2583
15538
12794
15405
1691
2658
3582
17604
14510
19696
6406
17
3660
7886
16512
12876
626
1694
17843
15076
13872
18484
11020
19093
7920
18435
2280
7847
13162
19130
7644
15841
964
13572
15890
1631
3252
12229
13379
2909
4178
16016
16404
11483
12130
14074
19787
3327
14953
2988
11910
11556
10542
11936
12943
15860
16061
17238
19587
13174
19871
14195
2511
8179
16462
19614
1015
4932
17536
423
755
7891
2923
6898
2253
18464
4723
2374
12205
13677
9604
1347
6265
6445
733
14281
15269
15410
17596
405
15221
13888
16575
13884
14240
17912
8712
10387
5441
4643
5862
18834
18293
12893
6592
3065
1909
1159
18402
2292
16675
2520
12045
15703
10332
3050
4445
10466
12833
897
7820
13926
14569
8788
11003
6981
6548
13712
5114
5722
12544
3923
19715
15583
14563
12941
15187
2741
15136
3174
7159
12548
10281
12703
10681
15843
2303
4458
15989
16782
13956
10469
797
11776
16846
11151
11874
441
3892
18275
3861
11364
16977
13590
4181
10517
5751
10038
18703
567
524
21
19963
6465
18594
10080
6509
4107
2021
4869
11656
3358
17063
15784
13910
3747
9286
2860
18739
13271
1735
19352
9274
19638
13415
11006
9493
7510
263
8162
3695
6049
16073
5227
1677
12243
7427
7170
5087
17582
14719
18756
2704
3720
14579
5186
3545
2296
17537
2049
14270
8787
4802
4398
12552
2570
1084
14252
19308
4087
2142
13004
3503
12248
16434
2110
19270
14036
18140
16115
17796
124
1282
15863
1842
15415
8806
3815
933
16377
2543
11010
9891
14516
14888
5743
17483
10171
4846
800
1758
4145
12871
7304
13686
14807
12694
14986
1026
15565
4502
15385
7962
462
9277
17649
4280
6493
14677
19162
18467
15768
11032
17921
874
1520
2481
17084
9030
2670
11470
8555
14580
11877
14763
14786
13261
7225
12688
15254
3340
16591
3351
119
2200
19523
8959
4740
8156
18403
1113
18573
15231
1472
18105
4790
10233
12384
1298
1941
2738
3615
220
5366
7650
5903
18042
18680
18786
18478
10049
19665
13616
14301
2572
6849
6625
15339
7285
9904
385
7063
5489
12051
1307
15105
4113
5817
12327
1846
16440
4651
11500
9648
10887
6040
17994
8054
16611
16725
2379
6864
13146
17872
4877
19150
9462
17485
12802
13452
14764
9845
3797
12294
3097
8171
10455
757
10153
15791
19641
12832
1430
10400
11876
3637
3623
2048
68
6149
13981
4757
8809
951
6387
15996
10741
15954
3454
15300
2470
18108
14458
471
7833
178
12921
11180
3789
18027
1682
18340
18290
15118
2829
8790
5821
16116
3087
18709
1386
5890
1263
3903
3746
11018
12085
10172
6648
19990
16449
19173
11663
12503
19524
3066
19769
6057
17376
950
12513
15117
760
13836
1729
13808
11592
1872
17305
1436
7548
3261
3598
18118
11246
13963
19607
13945
35
13083
10791
162
5809
1903
15567
1654
19980
4842
4000
18083
4431
12318
13898
7407
9135
19510
12493
5467
4237
1099
9639
10452
8330
1582
15509
11287
17030
11200
17585
2619
3802
14543
16563
13282
1498
15903
1964
8683
1913
6596
11915
11517
11237
7513
17134
19596
19756
6201
14676
11088
18846
5282
11809
15384
10863
243
15489
14641
10303
10219
19361
14022
12353
19867
3715
17525
3114
14473
19880
17985
19314
17594
6206
18202
13364
10089
11746
7281
8059
1357
2012
16683
19174
1205
10510
10888
1339
14280
19390
2385
6146
1157
9254
12930
20032
18025
17989
2708
15268
11404
12336
17768
8062
19775
743
15398
8635
11722
12709
6556
3021
11527
17850
11924
15357
11554
2968
18363
5944
12127
15537
10309
15925
7379
4506
1623
19156
12264
9327
3023
11945
12354
19919
19483
8716
14048
15218
11064
8546
10829
17261
12271
16654
5141
11091
1452
8874
10396
15015
10454
10053
12469
10599
5986
3343
1591
16476
3959
13834
2244
11706
522
497
2427
13595
9818
4441
6891
3852
17006
19700
18072
17025
13711
719
10359
5562
4747
16856
4489
15731
8585
7176
3321
226
652
19549
5297
14911
16156
10994
16945
17889
12894
19421
14716
1269
6389
4500
19823
266
3707
12995
16333
15372
18630
7112
10907
1083
11351
17445
15173
10895
15866
17832
13605
8233
15792
16949
2517
10779
9087
18448
19188
827
7867
8525
1866
17632
1198
8174
2836
13086
504
1413
13092
19091
5653
2882
15842
5356
17973
16567
13717
8485
1141
11887
2798
6285
2565
15571
4214
276
1512
9543
1825
11481
10418
6452
16722
18608
17975
2492
6698
8870
3682
8958
11191
12630
17101
4249
8384
739
2553
17773
328
19778
18944
18404
4794
12556
19896
2976
11674
12917
5233
19877
16003
17539
5451
3548
11938
6434
4831
1267
345
8634
11139
16138
10490
14879
12592
16362
15274
2191
5365
1104
10559
17640
12034
12883
1093
6761
958
7586
13380
199
13297
14277
5808
11249
12476
4257
11284
9011
10500
18365
1396
10958
18416
6485
17088
13879
14721
11637
3870
19951
12843
788
19455
1323
8729
7583
16351
17952
8661
3357
17592
5790
18592
15658
13362
1596
1915
15009
13221
17396
19457
2489
2898
13788
11487
8937
16689
9054
4606
19622
15081
6830
16001
10612
2508
14498
17279
1423
7697
5352
5630
14531
19588
1002
8434
7804
6128
17416
4099
5575
14155
9273
4973
14059
9415
17665
12813
19508
13333
16225
8172
6629
14626
5666
10615
6651
15144
9423
14020
1119
18746
234
11567
3168
8817
17012
2585
18270
16790
17287
7866
747
5113
14248
9044
17484
14401
10033
5592
9150
6058
6975
19253
7451
5674
18521
16044
7197
4207
8465
14547
18287
7398
324
16707
14714
4900
13032
10095
18495
3564
3677
14727
5036
18091
19192
4154
12490
13865
11875
14064
6276
18997
4520
7224
16603
3558
807
8408
5785
18240
12554
18578
19592
9452
14917
1817
16376
19619
2702
17420
12459
4461
15660
3092
17867
3123
1542
12569
9112
17397
17444
5606
19347
14998
14938
8602
11992
18152
11849
1774
3140
14366
3331
4116
13613
17035
16672
4090
14229
10536
17805
19887
14885
11104
9688
7973
12993
4170
6755
11588
15554
508
19898
12946
5475
510
13513
13157
14129
11400
14680
3201
14028
17452
18257
7313
3260
7090
7478
19605
17708
14247
14974
1011
1230
11450
19628
2796
17770
2641
15562
3541
2563
5038
9630
16924
2656
4490
17079
14338
17493
13623
4333
17627
16927
18236
18636
18503
5080
8552
14383
6603
7990
4041
18145
8093
8427
16280
3346
1765
15104
7174
4025
6637
9888
2065
18698
9993
15490
12273
9976
11750
5604
18093
11787
12750
14185
10848
10980
17494
9296
16665
13256
2067
6994
14955
19380
17626
4887
10211
12968
5834
4006
15147
14896
8803
2822
14029
5
7581
6233
3072
9197
13982
7164
2321
18546
16266
3236
3928
13738
12880
3799
8438
801
4312
2241
15818
14618
15514
2449
17949
881
15766
9689
13038
13245
8079
3273
13270
13055
12745
14452
14867
19051
16037
11821
15924
16006
10548
11165
3318
14851
5572
7632
11695
2706
15700
3328
644
18540
14144
18455
12923
18131
14750
1415
6237
1007
3752
7630
12471
12143
11204
16352
16752
4824
3592
101
404
10526
2811
1239
18597
4621
13400
8528
18731
13893
15470
19387
19854
18943
15253
3453
7978
19892
18087
2227
13467
9097
9494
6560
11586
15037
16257
5195
15468
17652
14809
4806
1912
2319
18481
17624
16470
19057
16163
15495
17052
11683
1175
8829
12165
15414
11836
3172
8244
12850
2075
10333
19171
17214
13588
13760
2911
1190
14766
15685
11435
6888
4474
5873
14198
11981
16588
18981
2802
7560
18251
3084
15305
19831
19208
8735
15714
8209
6678
19165
3673
383
14811
17711
5104
17308
15687
11769
12296
17507
19496
3305
2877
337
11461
5379
3487
10266
12951
17739
12431
10767
16865
13557
17041
19221
16749
16718
17230
4184
10284
13171
13516
19349
17871
18126
15355
15178
5324
15904
12356
12907
8152
12732
13074
18767
7734
12902
2750
274
18692
17644
13586
6774
17763
9172
468
13006
12002
17200
18654
16601
12202
9560
12174
1467
17155
6746
436
1389
16143
19231
9113
2730
18922
5913
14019
14620
3364
7975
16674
16506
17102
12663
2582
2232
10258
19291
4619
14061
2076
18077
2475
6878
13150
15879
9165
16334
17352
18163
11732
8389
16492
400
19265
338
7731
11926
19413
629
3412
3326
19458
3898
10161
16454
4522
15557
14223
18309
11855
3147
12858
6055
847
5209
18175
18489
1089
12651
12654
18214
19774
6269
16224
11640
3423
2783
13291
6359
208
12596
9458
18010
15820
10401
8301
6905
6397
4930
2256
10267
5043
16625
13710
5667
14910
798
14699
15947
9716
6691
6402
14991
19838
971
15592
16703
12011
2951
14376
973
4998
8557
9499
15123
2212
11625
4250
7141
14890
11814
2353
3986
13451
12674
13918
16962
15151
19643
14852
8853
1763
15131
18812
11619
12169
16039
15916
17153
16103
1610
18769
11898
11765
15715
18065
11265
14858
16887
14297
5335
11090
1425
11001
17198
13471
13801
14071
17315
2424
17259
4231
1853
18826
725
12629
11977
2630
11601
19293
17658
18391
4554
18832
12424
18706
612
16140
15988
3729
8896
10919
3905
1890
18526
3372
9214
15469
6703
12502
18246
3500
2196
7202
9653
14314
3733
1022
3290
7788
6532
3593
12072
16576
12255
4614
3816
18912
12054
17550
4367
10497
4602
3851
6902
13912
3645
10129
15108
17128
11017
16807
12230
18882
11002
12291
1070
4581
1543
14345
6670
9622
10011
19515
18438
18752
14261
17497
17987
10277
10021
19677
15665
15576
15152
8043
18201
7705
11411
5023
4873
3985
16919
14025
6112
3130
19915
15968
4114
11526
16236
19010
1905
13230
17953
18794
16690
15705
19652
7267
2534
1232
4169
12868
13743
3492
11795
17094
6836
2341
15496
13742
3535
14253
9111
3094
16797
1740
15230
18475
13870
394
13203
17534
6940
13826
1672
19983
845
11235
12293
451
4030
229
18197
18652
685
9869
887
19764
3626
5984
12528
4213
18798
11073
730
19206
2859
3603
15223
13161
17703
18224
4795
2552
18096
10921
14975
3203
13260
215
18606
1151
18562
11900
2966
7906
16801
2573
13577
4045
2969
2931
13923
3194
10744
3019
3143
10595
9555
15867
14732
13193
3033
11337
16671
2707
15639
3953
7815
2905
10432
10355
3498
14518
10879
17220
12708
14453
15553
16132
15797
6543
8659
9755
12342
13020
10738
10142
19987
15171
11346
15189
3441
7592
18458
316
3944
13851
4534
17318
19443
8153
6282
16746
4104
3268
13305
12848
4364
4359
4854
8851
6293
16183
17276
16154
2013
11698
94
13726
18584
3481
7737
11267
3475
5813
5730
16090
4430
8390
16130
8975
8491
19864
16529
15986
14441
86
14654
16868
9615
1318
1928
5094
10920
9082
9204
14876
11742
2069
12687
17225
6410
11715
10728
19368
12187
15692
16668
9650
2990
9098
10581
12028
5587
6012
12550
12914
6635
11598
19186
1767
14010
1580
11845
9195
19500
15826
3016
214
15995
5733
16862
3772
12742
13273
9061
12796
7792
3026
4478
10034
14967
13886
9271
11309
14157
13101
18302
663
19969
4630
41
16737
13103
64
15483
14156
10255
10872
12568
17492
5471
18187
3859
2080
13112
6867
14402
222
1622
6965
16343
8561
19169
5239
9234
16374
16598
6098
10115
2450
13391
5728
15
4966
19375
11723
17972
13967
10087
10221
14801
7121
18055
2430
5065
14921
3712
15222
17083
12949
17404
15347
2891
13792
7047
2172
987
12913
2453
4389
14493
3494
3918
14769
19636
17393
14898
16194
19073
12743
19239
13236
15369
3334
578
19252
16221
16763
12095
9936
32
11624
1456
19184
2773
11167
3701
11918
17910
14646
14446
15236
4929
13330
18019
14842
14663
18587
12898
13779
9919
4784
1587
15024
2664
11254
9962
9757
14337
17671
14244
10394
17506
2125
1885
18518
2064
1518
1757
19676
13287
19558
12489
11444
8186
12172
1081
2752
6074
8666
14815
19056
19879
17160
868
11545
16367
7479
15856
15723
2360
4124
7306
12847
9158
5273
8158
11352
2187
6207
15732
3099
18607
7936
9616
1727
13915
7720
2141
6860
11268
2396
14492
16673
12198
1795
5367
19781
7162
15757
11873
13701
15030
12806
16206
13961
17253
12194
12333
6512
2862
2034
16913
7589
5867
16616
19141
17668
3581
17581
9100
15217
14445
3499
18702
12496
783
3972
5228
959
12016
2229
17171
18529
11081
17683
3332
13837
15619
5155
15580
3585
18154
1641
4620
19089
11412
8409
3259
15734
15812
16551
2896
14918
14153
1180
3895
3493
10973
25
8782
20035
4568
732
17553
368
9858
14497
13718
4382
15216
4961
19525
53
19310
20007
3702
1431
4911
14517
14892
11392
5522
10496
4683
11399
5135
3810
14290
9384
16238
1432
17634
9527
5574
3971
7986
3468
8406
2451
7338
17540
3662
4773
3621
1898
14899
9728
905
11581
8085
17852
4822
11472
14504
18172
18430
11947
9696
20
1409
17932
19853
1836
19550
2939
7448
5319
13799
8476
11778
1403
14507
8264
3550
15360
10294
2983
12757
6766
10498
9933
19840
3801
12210
18081
4331
6707
657
6013
5648
17345
848
697
10718
12667
17990
6862
6247
1987
11159
5608
1329
14182
10683
19430
4095
18704
292
15207
17612
5983
2446
2743
14535
14485
315
9486
8317
8558
10562
15418
2821
13280
5654
1224
13906
11055
4970
16579
7819
9055
14216
20022
7882
8247
2757
17937
5699
12099
13366
4745
7213
11734
1786
18500
19374
808
1342
919
11978
17788
2949
4146
18160
12573
18660
4671
3958
4283
9558
15674
13785
110
5226
16022
9942
6441
9979
16473
6749
4741
11234
8036
9761
10045
17959
10541
17103
8644
6011
2865
19927
19623
11562
7909
8248
4050
17374
12220
17516
13276
309
6453
14114
16938
8231
9078
7025
13825
18292
11361
7439
18679
15122
8019
9557
1892
14427
17028
8385
15801
1393
13871
8781
10803
9480
5665
10656
17324
15091
11049
16557
19694
6614
14306
16264
927
18750
3333
588
17296
1544
12525
6679
10547
15573
5296
15850
11524
130
9325
7587
19954
16344
17195
19865
6626
5298
7563
2473
11957
1604
1203
17924
4471
6195
15459
6216
2382
2560
12175
1075
8933
8071
12787
19485
5171
2247
17441
12283
17252
11865
17704
2767
7383
12710
13931
9774
2239
3461
14227
11717
289
478
15886
17024
18451
12494
9040
18223
17697
8155
3524
12756
267
13033
15162
19159
3108
17938
2220
756
5516
13805
15939
11622
10641
6806
4494
14291
8184
884
4036
16385
18595
2261
8310
2316
9502
9222
3509
2715
2289
18863
15746
9355
10903
12491
17469
8571
3396
852
3770
15258
514
19048
7848
9657
18807
3047
9938
2530
16627
13192
12633
13436
10922
15086
15725
18021
19054
10131
14959
2770
18304
18541
7035
11321
15083
1444
2089
15920
13351
12860
18714
7273
16553
19176
13685
2609
12834
7236
3835
16637
6633
357
2955
610
16375
8551
18988
14730
6205
14360
39
1859
14973
4438
12395
8417
13200
13584
17835
1711
17002
10209
18713
14096
16445
3984
17792
2769
4874
6554
15974
15431
16464
837
452
16974
14823
4576
16992
11899
15678
15780
3842
14150
2192
2121
12450
17132
4194
16496
6723
16508
6329
6763
5831
672
17460
15672
10591
13694
10392
8496
2668
16164
14544
16944
8404
5706
10249
4955
16545
14225
2791
7397
9854
3614
9006
17237
19379
3727
15524
981
16432
5568
15011
8115
12589
16396
18591
10565
15789
1693
2687
2509
7677
15199
2432
18744
16561
16612
765
11013
12761
13612
15662
17729
3828
12804
19481
761
11066
526
19648
6407
12505
6810
4888
17210
15961
19977
14684
16018
3452
3258
16230
4706
12593
17699
16426
310
12609
15266
13197
10795
19513
6781
5158
15790
596
14550
4732
18289
17471
7153
18356
14439
1990
1330
4713
1018
11490
7038
19363
19470
11112
6791
10073
9256
5811
10963
9747
4856
15525
11452
15643
5464
14187
3078
5161
11099
4325
14980
12665
6495
19822
18476
18368
1447
2848
6979
15272
6966
11708
13302
10580
14409
2115
2038
17130
18776
18298
4101
9385
1855
7664
11326
10624
5640
10314
12842
1845
9330
13479
14819
1756
6394
5754
11368
9571
11389
10421
15979
2875
16204
4599
10764
15629
1657
8309
10041
10637
19369
355
16409
12120
13018
2420
10113
10912
4891
3376
4125
5001
18671
18254
11808
16994
192
13642
8313
19539
2039
15102
2790
9437
15246
7363
11408
2033
15284
14405
10668
16167
17269
17221
4731
18667
5560
12107
8391
17579
7076
4274
3940
11047
7283
12044
9679
12996
19938
14697
9840
5656
2699
17595
15380
3549
13416
4349
17436
14344
13185
16424
3250
6284
10667
9908
13658
14178
17005
7403
7911
14963
7317
6399
16946
19828
19895
3663
1899
4034
11147
3926
8989
10986
7016
19637
7161
16503
55
8932
13739
1737
120
17636
4165
1186
10485
6083
14930
3768
14777
11116
6204
8452
5511
5851
13959
19718
5125
1617
12820
15737
5805
14577
8852
3281
5285
3345
18535
9848
773
19943
8254
8170
6753
4799
13249
17528
4714
4133
14490
4452
11476
11633
10157
13183
18144
12539
12259
3691
19351
3355
11123
15716
1487
1670
19039
614
19910
16378
2146
14292
1288
9379
19337
14066
560
12619
1391
13960
10330
11596
6869
3205
4914
46
9398
11061
1630
2943
19933
2528
5176
19568
3640
4541
5103
19501
4115
9293
19817
17602
16180
18169
13382
16335
8873
2493
14303
6315
2183
16494
8383
17551
17841
1380
8045
402
13347
1080
500
18296
147
18035
11739
13841
772
14619
15738
13806
4718
17489
13315
1495
4163
396
9460
13575
9978
12643
7991
19328
6634
15310
17725
17688
13601
3111
6663
5012
13700
17992
20037
18669
9037
348
10709
13076
2733
12800
563
4160
9831
4225
18793
4278
13029
13190
15962
13847
3403
3880
293
7712
13759
15769
14652
1832
11187
13343
184
8328
19038
18581
3339
9606
10597
9598
9358
14882
851
2575
12585
5622
6890
9986
10402
7781
10383
19163
12517
1442
16849
18976
167
11079
2816
3353
19893
11288
16917
2608
13021
2422
2653
6104
83
8652
3393
9086
16873
16000
10833
16570
6914
556
10108
2945
9664
10010
7323
11890
1734
15982
18168
9242
1950
12236
6731
10199
10243
8210
4186
17451
7524
12385
15803
3894
10295
20049
3226
1714
474
12457
14437
10989
6502
11415
19752
18396
2158
240
18995
10189
11797
12438
15542
16273
1468
17172
16252
5561
1811
4897
6550
2632
18996
8583
19535
6760
12621
17670
10512
19120
15044
16459
13114
16710
11141
8393
5415
3076
19357
15297
4432
12755
15059
17169
4537
17120
2984
11927
1835
16564
7508
1296
8953
1643
11124
13354
17538
13054
3696
5912
16933
17105
11933
12997
7446
15593
5193
16796
13860
14817
6267
12232
2343
16431
1773
926
17240
3620
10326
5997
4336
15386
19235
15807
12102
10124
2314
14947
15220
8636
18112
8734
19294
11089
4902
1244
1223
16113
8478
18237
7602
5310
5954
3471
7085
17275
18192
4484
4358
13508
3919
5488
7745
14733
3415
10022
1095
2270
5053
3497
4601
16975
12901
2193
5355
1869
14440
14506
8914
5880
10348
19475
15763
15569
2301
3440
13265
10866
3176
19136
19431
17329
18775
17475
3605
13417
15259
9717
4695
9334
16293
11764
15840
702
8739
8481
4684
864
4459
12365
18324
16859
6381
14573
1227
19682
7191
9190
12891
245
10313
14995
4247
3138
10511
16169
149
12123
14919
19821
13168
11243
18977
18360
15587
14901
14903
10465
17799
14468
16478
4507
9674
18111
533
13840
4879
17700
15271
8005
6501
14915
11913
10904
15444
14944
19599
3803
1752
14230
14913
2825
1392
19561
1310
17188
870
8697
3773
2117
3144
58
5495
2787
9820
19439
6447
17373
3225
17741
494
1877
13096
4143
18645
12715
16651
9062
19794
18189
9153
10341
2162
13900
261
19584
6053
2646
2540
14058
7791
1584
5167
11406
6876
9678
12642
18256
4436
2817
4811
2880
18114
11565
10109
12104
9449
16380
14328
2788
16577
1291
5579
15941
2290
17908
17217
19473
12334
622
9269
5300
180
77
13268
1451
15781
4330
14255
18724
4078
1650
13360
4408
9770
2108
10458
19391
4535
18268
13070
5351
14371
17882
2355
11024
11659
4334
14749
19117
19055
877
832
3907
10957
7845
2535
10110
15416
12228
766
12063
5897
8104
4787
16950
18825
7742
511
5424
15688
11846
12272
17611
15291
7714
11597
13853
14570
7955
1197
814
2746
11403
17608
3218
16316
10287
794
19170
3217
11134
17905
15167
17151
8577
8387
16521
17009
6369
19490
12529
3373
4439
11125
12468
19423
12137
12961
14483
9518
14767
9228
18183
2930
8411
670
4233
4600
6489
8738
2674
12098
8346
16249
7158
18219
7030
8224
12425
11635
15946
19920
10349
17675
16111
3389
12692
6725
3128
13809
4156
13139
9670
17720
2209
1364
16794
16788
4839
10223
2160
16118
1510
8250
3181
17321
17801
14718
14787
17129
17564
10191
11473
11397
19118
16486
9339
11057
17286
14848
11632
8904
6155
19589
9746
17410
16926
15828
14772
17337
16803
12015
18162
819
8854
3407
8699
16310
14653
2944
14035
8807
6776
1979
16096
19465
14691
10505
17211
3320
19462
4756
17884
12485
5345
1999
17178
17542
20043
2397
17898
2318
12948
12265
7235
11054
54
3349
19924
17591
1065
16589
4056
18897
14315
10785
16188
14635
13930
15375
1673
12637
546
1528
10981
2529
10300
16066
12926
3265
11511
20047
16692
12565
2849
12309
4098
10765
11716
5555
1991
6961
1801
11941
2606
13932
4415
15817
17802
11384
4453
14236
10766
18717
14206
9442
16129
7600
13848
9366
15750
232
12890
17563
15635
1974
13247
5799
16015
11332
18638
9718
3062
994
6868
16609
10527
984
5964
14873
4591
3042
9323
13689
16017
6259
3761
17273
16094
2252
2650
1382
18366
18386
19695
1143
16739
13666
19673
7290
4317
14296
453
11494
12373
1354
14188
14335
6231
558
10317
1101
8961
3241
14909
2352
8611
9272
10301
11030
18847
198
19585
4137
14575
18094
13316
2847
7768
177
11878
14263
7081
10600
4567
9736
4076
9549
3824
9981
4117
9316
362
7126
5391
13097
8655
15719
6858
12101
3150
12768
13855
4060
795
3307
10959
14403
4830
1408
19630
13820
1593
12570
3251
18469
5242
19238
18359
13892
8378
16491
5725
3338
14511
16306
6595
14172
14472
15228
19106
1041
7198
12332
9340
9465
5580
16053
17068
7817
14929
6482
13195
1647
9837
14760
14791
10868
13753
19153
11842
3420
17826
1614
1149
2436
14954
2512
18
3955
619
15823
14451
5438
417
12029
19572
5493
6067
13646
19576
3456
9948
8004
10575
7329
1341
18241
4512
6069
656
4652
1858
15884
14053
17206
4038
19083
3723
11082
1052
7655
17891
4786
5618
13842
18554
16475
10084
18383
10601
1097
6314
435
20014
16332
4063
444
10842
11736
3449
17669
1182
12366
3862
19995
15958
10557
16724
17482
12030
15145
19913
1326
5056
19653
3228
13695
12679
11576
14650
19487
1371
13465
14908
19077
15493
327
11973
326
8011
14279
17897
1285
16638
15256
10420
11008
7043
16652
4386
2040
3459
18336
15229
6622
15383
10869
1901
10623
11928
19765
11396
62
19104
13683
4211
5855
9591
18634
6001
9441
12693
5261
9027
13399
2780
18729
10817
3317
1283
3763
5178
3946
19359
1933
6628
16544
16197
6948
673
2184
18227
14015
1659
2228
17761
2844
11423
2938
3191
8379
4260
8101
19577
15400
2105
6881
631
1416
1597
14355
10763
1982
1336
9188
10700
10651
19210
112
9237
16387
6883
16546
14102
9089
19691
18711
5508
17918
9033
19761
9045
12956
9823
1275
3600
1624
18507
3644
16922
8145
11188
1248
4416
8889
18193
14234
2645
12330
8927
9874
19088
13721
19223
19037
17277
15868
17986
7668
17943
19861
16013
432
12184
14496
10908
1034
4204
13272
1014
14013
10840
16067
1896
4281
14351
12741
5281
9181
17268
11932
15094
213
11690
4425
13464
15987
9658
3795
7007
18574
10337
4544
5051
10260
9514
4589
557
4655
14486
8570
15652
8109
15650
13061
10165
7411
18992
15530
14527
18938
12577
13181
10514
14881
20044
10666
3325
6444
4559
1590
10344
15589
10350
1076
3785
11761
19687
19406
8740
5911
14778
15165
3148
7133
16020
291
10824
6982
8796
19065
5655
7764
11687
14798
12217
14978
4712
1294
14275
4269
19801
4952
12675
10545
895
9295
353
6726
2466
16931
1949
14057
3519
19288
15698
10586
4049
3301
16278
3863
1459
17593
10236
17173
19826
3559
19193
16465
11539
13940
8866
12402
17019
275
18504
11616
18486
12055
14740
9161
9619
5404
15186
16149
8039
11658
14448
10720
2159
15109
1777
19960
12668
15342
8197
12397
7058
2349
9665
17013
10634
2147
9701
3683
14706
15707
231
18406
14038
5426
17112
2384
10323
17859
3780
15427
16538
3939
13446
7324
3323
8214
10004
14695
6041
17034
10168
3730
2145
9259
12481
1879
16783
16804
13377
6590
19785
17883
11154
17738
3610
2437
7521
15232
18964
8850
14420
14341
8289
13398
15301
15522
15099
5539
7142
11629
13418
4385
16276
12733
7545
14830
9754
4138
11819
8544
1181
8721
8194
990
19365
8257
1252
1666
12751
5859
942
17257
11062
10810
16532
17204
14192
17940
19428
8483
3567
7349
4299
19167
5375
3088
11340
1153
4852
11279
2607
12752
18023
18810
11349
15992
13764
12106
18276
3245
13864
15865
15038
8107
12938
15049
2965
17304
2412
1508
5801
10801
13861
12060
11263
425
8976
17717
10894
10992
14942
12639
122
13548
16267
13477
15273
16399
12154
2933
955
7881
1356
11276
12179
1290
19064
2544
1805
4437
1726
16641
13929
13322
1220
159
9841
14005
14961
9920
9909
15590
10353
4885
9597
3102
18330
17233
8146
11025
16398
15411
16304
8563
2586
11377
19866
1234
2701
8051
18806
17807
16220
11620
4085
10576
79
11202
9899
16815
11784
11903
13606
15928
5439
2611
1908
3711
5017
13603
10280
7865
16422
19762
9005
14334
14325
5371
16587
1534
12238
12394
3507
4122
4240
4150
14968
8429
365
128
15937
13690
3474
13793
11641
15479
8524
12313
11252
3134
8964
15249
5387
625
18814
9331
2415
5705
18106
17916
15876
11469
6843
10539
19955
17838
8801
7500
19132
12730
5860
16114
976
13501
7321
12004
8236
5264
2129
13634
10112
18373
13409
2735
17061
7347
7151
4598
14287
3556
8457
6515
828
9212
6584
13531
15349
14674
1685
13331
14357
2163
11269
9937
4947
3528
4548
391
1651
10472
19688
15938
4716
17583
10248
8841
13027
16312
17093
19737
10828
14946
12009
2447
680
14197
18043
17022
4043
6435
19857
2047
11376
1222
16279
18765
469
17659
9671
940
19417
15247
13757
9825
10734
856
17819
4595
4158
18250
1567
11036
4982
16976
18159
8359
12020
12939
2298
8430
11394
3022
393
61
12738
14455
19591
19574
17328
12975
8962
18005
17629
264
2203
14894
13492
10519
2016
11333
3476
7852
3927
14539
16655
10999
2713
5326
8737
19405
3630
18278
4142
17183
15609
8518
4527
14521
6924
12337
5217
17097
16937
14639
15001
11515
19086
19495
8436
20010
14161
6947
7394
16282
11530
11988
14936
12543
9036
8420
14515
8830
3336
1028
8455
12765
8164
19254
17059
15467
6722
3845
8260
5305
17053
9954
12884
9430
19799
3814
9564
17842
15421
15811
16973
2926
5718
1322
3830
16888
17628
969
13563
10550
620
16062
15464
726
8118
16373
14661
11871
11839
14589
1072
8099
16081
7307
12043
11671
5869
16272
9836
18006
9035
18291
15456
8477
10556
7778
8345
12828
12551
2527
3911
9965
4343
7139
4596
5445
17974
10804
10440
14667
8828
11016
13854
11132
11964
3631
2971
12295
11870
2612
501
18036
3572
2677
11070
1958
16954
19424
15461
16713
18453
14530
12549
18708
12807
11860
545
13045
15735
5400
7682
15932
9456
5877
17090
10776
4691
2003
9503
17760
11302
14159
16151
15257
1862
15055
4126
956
9258
8693
12164
8029
2515
18032
16046
12300
8633
11639
14508
2376
11004
1620
13987
3643
16995
19647
15712
11785
16433
12162
9500
11684
3902
6113
16384
9364
12253
4724
3090
4121
8979
17319
2755
18917
13126
18887
18517
13735
18332
19659
2388
9735
11775
8532
15977
17893
15252
11937
19389
4297
12845
19060
12403
565
15853
8392
14406
12622
18544
17795
4549
13928
5620
127
13762
3642
10898
18505
13525
7031
17786
10067
18082
401
13437
4342
5336
4971
18629
9538
6056
2074
2009
16286
1121
943
3239
19199
15913
9884
3073
10846
7298
16874
16537
6636
10521
9491
4454
19367
18399
17848
6616
1830
18115
134
9605
7965
6213
5066
10826
9708
13037
19350
10584
6148
1137
2725
2429
17330
10687
893
1054
1233
12277
11485
4217
19693
13620
14546
10086
11322
4759
16065
3742
3775
18575
1750
18462
12584
5225
10417
1884
8068
15156
18271
13288
15137
11050
6681
6103
19488
19068
13429
11096
11921
17858
6360
14655
3231
6526
18470
2578
18221
5750
5455
19675
14326
2199
3825
16848
10003
10619
1957
1639
2002
1003
3296
8322
9164
17468
6332
10742
5719
17532
7674
1260
257
16497
12879
4167
15883
4556
991
19646
9079
15033
8966
19134
16604
1526
7006
2008
4080
8885
19322
2398
3875
18068
2213
15965
11289
14319
13992
11883
6222
6777
12925
19147
5715
12116
8161
7826
13170
28
19902
19540
15198
13832
352
9141
11448
13662
19777
15320
12580
17075
11216
14779
16810
265
12000
18375
8573
18282
17299
9143
10186
4689
2546
2778
2700
10727
6962
7062
12504
2885
13813
14729
15694
19401
13487
9114
4406
1738
2925
11930
12192
15993
14387
18632
1311
3844
4791
1211
4796
1744
2297
1176
8810
8983
9900
10194
7621
15975
10380
6396
13111
18493
4258
14756
14838
19562
5872
3837
7102
8510
3210
1997
2166
15630
10379
10669
16614
4130
16223
6428
16734
8433
18074
12075
15917
2119
6421
16696
1372
19796
12979
3608
12048
13000
15029
12065
18885
15472
4555
8660
10343
2832
3738
13740
13811
13756
3463
6418
6116
10998
16867
16948
6936
898
18687
1345
15951
2044
290
5704
19344
10334
13279
5904
15535
16997
19066
6109
2838
10311
13433
938
645
11113
12605
17754
14032
18508
14529
11210
10770
17391
19674
4638
12392
19907
4845
2458
7302
1852
10282
9785
10748
19469
12835
15825
13089
18527
13408
17980
8077
15022
16684
3655
11699
3086
5187
16857
2906
13060
12089
3790
10504
44
16495
17680
12772
8405
3956
17154
7568
13958
3188
3479
6143
10009
13204
14907
8515
2600
932
11175
6677
15484
7289
13857
5194
11895
4475
2274
18450
10408
18305
3175
18525
9713
12980
17297
575
643
17778
19992
2185
9673
19791
15013
12661
698
4967
8343
5266
19767
17341
18726
11166
10682
4308
8656
19437
6964
19836
7461
7992
19748
6420
11590
10780
6430
19800
18499
12516
10799
14857
4318
9424
3628
10202
7916
12111
7046
7261
18420
6077
6754
19461
3901
16511
18203
3247
7981
7385
1299
8881
14220
18715
16350
19467
17353
13127
3105
15399
5263
17983
14491
10197
16192
2222
19476
3397
3027
13240
19480
10967
11922
18649
5569
12583
19477
14222
14789
13905
14052
3341
8728
3160
16200
1465
2571
13498
3154
13361
5431
17928
15317
4434
4809
3578
3366
1575
3200
3277
2992
19533
6619
10513
15458
19164
16153
3670
4055
2996
7667
19377
14130
14771
15457
11359
19645
9042
17106
19302
17187
11136
19996
6390
3007
10923
11457
4215
4733
14751
3477
16717
14422
16425
16054
14099
17578
10529
9148
16882
12400
18235
18957
17742
15809
18335
8060
10915
15417
1902
564
14417
7743
7740
9832
3900
10431
16135
11455
11362
2568
18539
9842
13812
17392
17633
19012
1494
10645
5791
10678
896
440
2010
499
17784
3613
14792
66
5807
4688
8263
9669
9542
18092
14103
2387
17044
14983
2705
19229
17370
17759
13922
10331
15902
11313
10378
16960
2744
10607
3120
6429
18770
13300
13633
10398
649
8315
1
17186
12786
11065
9128
10755
11606
15638
16502
2062
939
72
80
7033
13453
13336
8981
7832
15388
19075
3100
19103
225
18675
6059
15101
5057
2405
12088
281
3077
8742
10200
18963
7517
1507
14956
6568
2242
13637
4195
17779
12470
19581
17653
15248
4832
9533
1304
19783
12167
16366
18433
1271
10483
3935
15471
248
9829
8988
17428
10854
1914
12590
7625
4518
11689
10515
16507
12421
1854
10570
14731
17423
16979
17734
6405
4739
19274
5147
3910
1422
8268
4546
17755
14444
11906
18685
9618
19447
7884
10578
9972
12536
11092
906
18234
3484
17242
3233
6920
15802
17991
13770
11591
15114
19792
16594
141
125
12320
4744
6675
443
13699
18018
6008
15518
19911
19964
15432
11653
16647
11952
8730
17601
13488
1433
6654
19172
5427
1349
19851
8252
10609
4491
18164
3496
18837
14475
4707
11793
5993
15942
3571
18125
2070
16669
18926
7662
7873
13493
17089
19863
2152
9481
11516
3721
17997
18742
19749
4898
14250
5932
18244
14754
1131
4338
4916
1325
14121
1270
16148
18217
6668
13976
10023
12987
4511
12992
19957
18454
12081
8302
15777
5031
18073
1680
17925
154
9528
18343
13285
9902
5000
1720
18764
17846
17590
767
8010
5203
10679
13822
17016
14361
8163
16644
9535
1588
4960
4497
19504
19862
5331
18523
17687
10088
15350
12649
2005
20021
15251
17243
3976
9357
650
19758
4566
10711
10239
989
9719
15602
2797
16727
17663
13850
10276
8946
3685
12317
10184
17046
17638
12928
11912
13064
4476
2480
14463
10725
2782
11574
3173
15905
297
10702
7919
12379
2698
10464
13419
14804
12695
411
17793
15314
6683
14872
12872
17316
5018
255
19579
2471
3736
12483
18719
2960
6808
12537
17575
844
13728
13996
132
11538
2024
7441
12381
15054
11908
16661
7946
9189
2053
1185
19258
15897
16466
13729
6003
1420
15080
1916
18873
1264
19316
641
16798
17229
7105
12096
6190
2423
1515
16107
1200
19891
19974
13284
18177
3596
13228
9202
2647
14519
19707
2063
11451
18047
17113
1172
10069
10692
17302
14091
12798
17333
8213
7023
14810
13303
12461
6189
16833
3020
16676
8826
14266
16688
15021
15039
1967
19552
16729
4015
8977
17865
640
10268
17124
8592
7237
3827
15318
6287
15040
5603
1098
1440
2363
13448
7996
8929
14598
1010
15212
19689
11428
11438
1150
18984
16318
20027
4047
8576
507
2255
9170
8903
8133
19982
3405
14149
11176
14350
9905
6060
19554
2536
11547
18045
14151
18783
9093
17272
14512
18444
11194
8998
10665
11405
1303
19958
11109
7878
16923
11298
9609
1931
7958
5839
16443
8560
16057
13244
2785
7230
10690
13299
19932
721
4324
3157
3929
4335
18247
4201
10732
2613
7551
13950
6349
9342
5115
6210
14049
12113
553
16590
5140
3232
9796
12445
11331
14715
18461
13494
836
18348
13657
12838
13345
2569
19733
16596
1025
5929
7422
2126
283
6647
1923
8225
5034
10415
16414
271
15875
10522
10025
19321
17478
7542
866
3531
11040
16686
14709
2143
7325
11518
13120
7104
10697
8013
9026
3812
15839
13133
14658
14970
19307
387
13916
18051
14594
3455
3142
7328
2776
13614
18285
10670
7072
14780
11157
17414
7960
17895
9911
6800
15808
19279
19970
1063
14803
11106
3965
9229
826
8336
12967
15598
13736
19309
18326
19497
9541
8114
302
3667
9982
7109
12348
12681
1546
593
18639
3466
15532
314
12061
4277
517
17470
12216
12211
2091
7505
11713
18548
10649
16910
11149
8181
1922
6838
803
16760
19594
14822
12083
15745
19632
12962
11121
13296
11005
18611
17568
16461
7626
11929
15666
740
13252
2820
13376
12171
15074
16633
19670
3132
333
598
15621
5150
1061
5498
13496
5607
11645
8083
3152
18384
15482
8431
18674
2344
15017
15967
18426
14604
17904
6514
17190
14632
18791
1344
17878
11000
17847
1208
9134
336
9749
4001
11510
13737
9885
7544
11523
18735
3973
12676
7089
20015
972
16289
7685
11786
19414
18836
18033
18394
7607
15832
12087
6316
7761
15211
5172
18174
11035
14520
7596
12082
15605
19511
14027
15395
18695
17402
13551
13547
9344
15370
16585
12258
1549
1281
11612
17254
18990
4664
10774
15365
683
3356
9333
10532
12375
3214
4383
14174
140
14558
908
3360
3208
15782
6075
10604
13068
19917
18790
12033
2794
16029
12640
12378
10685
1273
15474
5459
15584
13104
1603
17616
6154
18069
9267
17095
3754
17389
20028
13621
3974
6507
1612
15528
1632
11105
15914
17366
7681
10179
11850
6896
3552
8243
18628
19751
16682
8320
8698
8006
684
4265
7372
18588
12314
13687
2995
19734
6831
18673
15239
19030
6179
1247
19241
3518
19706
1443
4033
8702
10225
9147
3868
1823
7495
509
9280
19662
11542
1868
8394
2610
3782
5434
2853
15438
14703
16391
3977
18474
8599
10705
17104
957
13815
13838
4370
19789
2165
1723
14089
13911
4219
7883
15517
12958
1712
15032
12851
3583
15244
4635
1778
18802
12559
2654
18198
15226
11909
12279
7364
1115
2401
15351
12700
7294
17219
7894
19747
1476
5668
15710
15234
3743
15475
1668
108
15606
1400
12312
16791
18800
14630
20019
10307
17762
18157
6662
4863
7902
15816
12003
19273
6967
14833
10044
5275
7426
10232
17988
2895
304
7879
9416
5429
15827
18098
8963
18107
999
18761
3267
9553
11983
10618
12163
12840
14948
4378
17522
7438
4309
15128
7696
18313
14370
16756
11195
11830
12776
18762
14797
17334
11437
12557
5599
8526
8882
12359
14133
2000
2813
17960
16821
18650
13136
3014
14934
11668
2899
5030
4450
1365
18961
12412
17824
12080
8767
2686
7274
3464
3402
16733
19299
8173
13714
6847
17007
515
9192
18829
2381
13373
2986
17422
8909
4816
11301
111
5022
19520
17199
1595
6446
19087
17406
8480
5328
17298
12122
19114
15582
7391
7001
14752
12079
10713
13684
14902
14322
7646
18357
16025
3732
19536
10911
724
12940
19906
14009
13031
4570
5976
19528
5764
11975
15637
6339
14540
7423
1719
5782
5206
9788
3832
5070
15857
4517
14141
13902
6516
12739
8144
18813
6178
14854
7933
19095
9001
397
11650
6134
16706
19460
15008
5163
2335
18773
1667
13022
862
17189
18522
18710
7927
14323
5168
1770
13043
19033
17677
19392
8556
4807
16514
17201
6973
7190
15505
2439
19950
18099
18935
12815
2855
8421
3767
2547
3171
14282
16342
19575
3309
18515
14484
1374
985
17362
952
11304
11914
10240
5339
18431
7077
15286
16736
409
3
3996
5409
6895
16748
8863
9683
15276
14984
18616
5882
16324
16106
11266
16323
3198
16283
18893
17226
1358
6212
17071
11171
317
10758
4292
10832
13625
11834
15014
15148
11369
3224
1438
1703
13849
16372
13897
2957
13553
14428
911
10714
3760
8717
18209
1973
17453
9681
14132
3588
10640
3520
11636
13439
16509
637
17674
8539
11896
19195
7679
4397
18962
429
5200
8239
12399
10008
14615
17499
19949
5597
10762
15066
14385
13630
521
876
9969
11799
13550
1427
19698
10278
14673
14218
12046
9762
8125
13519
12149
14018
12209
14739
8752
8554
6853
3446
13423
12869
6010
4062
18485
14262
5871
9457
5395
18494
1783
6916
2562
4366
1394
3275
18815
786
2918
10405
3063
18362
5102
16562
5756
8709
12369
8799
15956
10646
10357
6833
18037
13674
1217
8176
18954
17235
9376
2425
913
13696
4120
2226
14111
1875
907
17929
10647
15990
2856
4582
10813
2974
14356
1975
10389
12920
4768
13561
576
4328
8756
19354
12193
3636
18012
8299
11242
4012
2522
3335
1531
2967
11680
13986
11701
5825
12748
13802
17556
2648
19244
5513
7271
16458
806
693
8618
10081
3029
11853
2452
11585
14465
2413
5868
3706
12455
12125
17931
1789
12037
12635
11432
11573
12159
17018
13301
9471
1702
16720
14204
3526
1046
17448
16608
11499
17131
2454
10653
15006
17055
4069
6368
15289
18228
16239
6181
13678
3238
15406
3595
6275
8997
15657
2946
6436
7617
13073
2103
10183
7657
6180
5028
7437
3783
16370
11987
9587
13631
15800
12775
19266
16819
17181
5500
12038
20045
502
3315
15346
5165
5388
13927
14333
15322
14581
5613
16549
17541
18945
15940
17400
12686
9767
5234
3169
19905
3616
3871
5824
13164
6139
1532
7987
10724
12449
1932
1573
12398
15881
4174
15642
8466
113
6900
12019
16939
8100
12634
16942
19429
3491
5110
7618
3749
14176
3858
15776
4086
15859
14925
14008
7188
7300
17184
18615
19870
10366
2485
12895
19001
5456
11954
20039
8064
15379
668
5815
14536
14746
5423
7605
6191
16393
15574
5138
14006
3577
7443
605
17727
13472
6476
8095
1572
12448
18549
9742
17248
17690
1306
19658
1297
19642
1816
13100
8831
2378
16900
17692
4263
8249
18424
8086
11531
4315
16540
7943
19422
12873
8165
14131
15586
8128
16600
14850
14079
8568
9930
3831
13880
14097
9780
2681
4346
12432
14522
2703
15098
1642
320
8007
10220
13650
6404
18820
8087
8028
7855
5460
10203
9043
5238
19275
7961
17293
16786
2714
17854
6915
2595
19743
11949
5810
11203
1831
1873
11133
2215
2621
759
19230
2726
16089
3925
6217
2665
13499
2516
17342
6325
5605
10005
12719
782
5006
12208
12518
2389
1739
9838
16341
4819
5039
12607
10703
19710
7180
18532
3125
5541
11307
13975
10966
13324
4938
17158
7
11789
14623
3394
1769
9020
14671
9849
3017
13428
1829
15972
6182
2823
19997
7642
9839
3726
1700
17109
15765
189
1983
15373
13514
12178
869
17340
13569
12377
9127
306
4851
15005
10635
11882
4209
2155
14979
14799
17775
5361
13374
16147
2506
17589
18842
16543
821
187
810
518
18320
5971
7238
13248
6321
13608
1517
10468
14796
19570
915
216
2538
9913
6494
9676
3884
16080
7244
19819
9108
13349
19011
13449
9
7800
19708
11278
11859
18242
8261
10442
13024
15202
12849
15502
3371
4216
5100
19296
16741
1091
12671
4159
7055
18388
1309
5472
8899
17530
15529
19846
8605
1676
3716
2667
1952
11248
17209
12867
18537
17565
15545
4677
1753
2482
6258
13800
2211
12678
623
13896
1566
10941
4271
18690
865
17274
12368
9000
15161
4403
3709
9200
4910
15971
13787
19606
10238
5678
11190
4825
16875
16263
14866
712
270
13676
18170
10993
18774
19886
17358
13935
12261
6085
6598
9129
10156
19705
19076
16347
3289
13670
8823
2404
7868
14207
15401
4428
9058
7029
3978
13395
8120
13011
11824
17461
790
6490
1039
18683
17951
5059
15367
10030
17033
10384
4692
19798
16187
1189
12446
11916
15491
5740
16004
19024
10735
14340
537
18463
17797
14602
1049
10138
7970
15138
2551
4390
